1357
992
1057
3023
1390
1472
2609
1417
1767
3282
1718
1745
3506
1723
1789
6131
2784
3212
5564
3715
4046
6634
4448
4432
6477
4174
4350
8364
4181
4000
6943
3940
3975
7142
4036
4132
7099
4577
4136
9124
4370
4327
7443
4549
4889
7282
4506
4720
6762
5290
5047
8981
3801
4094
6862
4599
4934
7184
4633
4813
7218
4818
4652
8811
5004
4133
7004
3850
4603
7055
4198
4075
6966
4285
4059
8944
4524
4714
7653
5134
5403
8141
4623
4669
7535
5381
4910
8800
4834
5898
6051
4842
5099
7442
4886
5136
8065
6329
6077
8855
6225
6427
7007
5720
5843
7600
4995
6009
7012
5216
5126
8523
5379
5526
7491
6128
6036
6918
5384
5257
7268
5700
6014
8526
5964
5875
7569
6208
5078
6539
4138
4356
6265
4899
4535
8470
4680
4833
7068
5505
5285
7352
5448
5604
7277
6253
6280
8376
6957
7031
8260
7018
6812
7849
6553
6834
7587
6756
7001
8418
6990
6986
7139
6912
6551
7203
6263
6270
7433
6658
6721
8261
6795
7054
7442
6606
6495
7247
6288
6561
7515
6393
6272
7627
6087
6324
7692
6239
6281
7258
6304
6217
6934
5328
5488
7622
5559
5519
6789
5868
6236
6796
6122
6136
7213
6141
6241
7430
6215
5755
6583
5840
5845
6482
6044
5829
6911
6052
6199
7445
6204
6360
7134
6716
6403
6921
1319
1007
3902
703
642
3018
516
531
836
562
666
825
651
605
885
567
570
3047
749
748
946
674
685
1230
815
804
1208
707
645
3159
617
646
878
532
763
807
514
635
958
574
574
3140
604
674
903
572
606
1117
679
753
1157
699
613
3297
718
708
1187
695
770
1195
1219
6539
9212
6442
6237
8124
6184
6173
7581
6331
6567
7482
6410
6223
7130
6549
6540
7512
6548
6871
7894
6687
6726
7530
6399
6624
7323
6510
6434
7174
5772
6107
7055
6033
6100
6847
6119
6630
6924
6134
302
6449
5363
5118
5624
5214
5437
6038
5281
5396
6020
5426
5668
6502
5950
5912
6731
6167
5944
6795
6153
6194
6422
5883
6110
6868
6319
5785
6272
5615
6005
6922
6768
7075
7760
7737
8003
8752
9196
9593
11158
9945
10253
11887
10899
11156
12873
11682
11950
11830
11780
12044
13169
11456
11529
12937
1664
1426
5609
1201
1122
4971
940
1046
1817
985
940
1387
1004
1165
1895
796
826
4953
1014
1219
1258
1236
1017
1502
886
1020
1306
843
1020
4968
1185
968
1468
867
996
1417
989
1051
1450
1172
974
5014
1034
1136
1953
1178
1200
1544
1044
933
1662
782
976
4953
1002
925
1477
890
963
1485
954
1041
1523
1248
1999
9434
5700
5498
7724
5193
5139
7236
5387
5509
7473
5272
5422
9437
5907
6139
7845
5521
5177
7476
5289
5239
7443
5263
5442
8732
5312
5502
7101
5472
5648
7007
5793
5643
6956
5030
5000
8064
5103
5210
6742
5286
5386
6540
5138
4960
6443
4915
4926
7683
4927
4915
6074
5124
5292
6183
5094
5310
6109
4965
4889
7281
5044
4962
5910
4769
4762
5442
4621
4234
5409
4715
2720
6362
1893
1819
2846
1850
1749
3096
1831
1776
3305
1895
1767
6663
1717
1867
3243
1912
1929
3430
1704
1946
3548
1799
1682
6697
1782
1881
3280
2104
2076
3529
1940
2125
3236
1858
1854
6694
2119
2228
3275
2193
2196
3351
1968
2368
3562
1963
1851
6833
2104
2108
3361
2074
2300
3440
2343
2346
3538
2112
2390
6871
2596
2124
3458
2287
2505
3580
2149
2226
3376
2095
2249
6910
2361
2294
3461
293
2274
3540
2985
2759
3992
2159
2031
6778
2166
2131
3169
2235
2185
3378
2206
2436
3396
2070
2008
6716
2376
2315
3268
2127
2217
3368
1996
2063
3147
1967
1932
6698
2027
2105
3108
2438
2602
3232
2206
2242
2929
2072
1997
6367
2148
2060
2854
2049
2129
3117
2548
2647
3490
2321
282
5996
2039
2118
2615
1955
2099
2670
1868
1853
2615
1625
1581
5897
2025
1887
2464
1820
2071
2622
2052
1995
2770
1985
1789
5924
1830
1922
2499
1839
1913
2437
1716
1925
2455
1818
1676
5758
2247
2169
9099
6683
6525
6957
6627
5236
7790
4032
3654
8236
4862
5460
6633
4853
6268
4619
6195
5977
5249
6236
4663
8065
5407
6485
5485
4353
294
7067
4999
6154
6018
4615
4615
7769
5655
5288
7199
6051
5930
6896
5741
5500
6450
5571
5360
6883
5300
5122
6130
4988
5131
6223
5023
4962
5682
4926
4648
5811
4413
4469
5915
4756
4822
5882
5357
5186
5940
4906
5002
6384
5289
5551
6525
5723
6196
6843
5952
5954
6880
5995
6275
6494
5814
6077
6838
6016
5895
6464
5871
5759
6387
6253
6213
7438
6852
6837
7240
6439
6194
6953
5893
5760
6527
5890
5633
6952
5639
5694
6167
5571
6375
4465
1390
1393
2398
1650
1681
4034
1443
1465
2135
1405
1500
2239
1688
1561
2140
1599
1497
3866
1347
1473
1989
1355
1415
1933
1420
1476
2212
1478
1452
3955
1498
1622
2288
1594
1691
2175
1623
1589
2363
1489
1466
3583
1414
1495
2292
1384
1486
2252
1617
1508
2166
1483
1292
3381
1124
1139
1625
1055
1041
1589
1011
1008
1600
1169
1207
3140
1146
1231
1670
1156
1053
1484
966
1040
1564
981
884
2967
979
945
1493
986
974
1504
954
972
1354
1024
1028
3088
963
1048
1513
1103
1127
1649
1070
1135
1598
1084
1023
3260
1130
1069
1575
1076
1055
1585
967
983
1456
1012
1122
3311
1120
1208
1650
1206
1193
1654
1125
1212
1735
1130
1144
3377
1285
1417
2045
1161
1167
1799
1195
1267
1827
1367
1324
3629
1370
1312
1689
1200
1180
1578
1076
959
1414
876
827
3032
823
804
1197
734
885
1142
808
801
1333
863
836
2813
842
1012
1570
1267
1193
2073
1197
1391
2201
1271
1362
3453
1348
1316
2104
1474
1514
2327
1657
1656
2433
1540
1508
4053
1582
1739
2358
1700
1718
2449
1643
1768
2322
1738
1670
4279
1744
1744
2347
1716
1747
2739
1594
1733
2602
1920
1976
4637
1898
1957
2663
1844
1954
2755
2056
2260
2890
1964
2146
4838
2100
1892
2789
2000
1999
2812
2041
2127
2694
1930
1904
4926
1989
2038
2677
2120
2331
2972
2354
227
3065
1979
1923
4727
2038
1910
2579
2039
2060
2695
1984
2243
3018
2134
2245
5029
2280
2344
3129
2401
2537
3512
2662
2765
3668
2909
2953
5761
2952
3044
4258
3493
3531
4547
3475
3425
4607
3280
3343
6434
3359
3654
4463
3771
3764
4779
3534
3782
4462
3816
3807
6656
3505
3669
4552
3668
3648
4639
3481
3905
4765
3510
3358
6769
3180
3268
4861
3528
3436
4801
3151
3420
4519
3695
3931
6770
3506
3512
4864
3735
3987
4201
3420
3811
4673
3474
3826
6987
3705
3717
4553
3520
3604
4416
3405
3241
4340
3394
3152
6816
2928
3006
3994
3602
3421
4292
3109
3420
4234
3073
3185
6669
3150
3192
4664
3435
3346
4791
3243
3383
4460
3121
3289
6520
3162
2979
4195
3175
3145
4071
3077
3151
4036
3469
3622
6435
3181
3421
4335
2957
2909
4273
2640
2796
4057
2770
2721
6359
2843
3127
4663
3580
4008
4352
2959
304
4569
2559
2466
6534
2651
2650
4049
2651
2930
4575
2666
3338
4673
2928
2807
6617
2771
3217
4536
3077
3058
4451
3432
3320
4538
3170
3204
6972
3494
3688
5225
3604
3435
4694
3437
3380
4476
3379
3589
6766
2973
3146
4467
3163
3363
4544
3368
3379
4716
2919
3093
7121
3522
3192
4957
3005
3099
4746
3463
3297
4779
3588
3453
7212
3530
3752
4942
3669
3726
4868
3634
3579
5010
3335
4238
7011
3626
3683
4711
3397
2944
4207
2979
3319
4497
3208
3072
6989
3145
3108
4014
2834
2701
3966
3466
3191
4309
3543
3344
6921
2818
2836
4439
2836
2895
4316
3821
3625
4456
3479
3471
6760
2567
3390
3909
3333
3170
4353
3274
3193
4670
3332
4287
6903
3245
3229
4625
2886
2880
4454
2536
2600
4111
2628
2883
6877
3392
2868
4425
2464
2746
4123
2933
2739
4272
2929
2653
6662
2354
2558
3861
3077
2891
4143
2557
2750
4206
2169
2123
6757
2166
1955
3956
2281
2275
4059
2513
2354
4413
1999
1999
6981
2448
2518
3360
3131
2964
4614
2364
2409
3787
2291
2262
7088
2441
2292
3768
2499
2738
4446
2458
2446
3625
2606
2489
7116
2391
2472
3881
2228
2568
3777
2819
3145
4549
2692
2322
7324
2259
1981
3644
2041
2118
3911
2429
2410
3834
2408
2493
7140
3120
3044
4311
2435
2873
3877
2550
2546
3685
2662
2617
7212
2322
2406
4192
2066
2255
3643
2618
2938
3518
2146
2094
7088
2854
2974
3994
2591
2393
3908
2177
2301
3963
2447
2241
6798
2145
2289
3886
2295
2199
3832
2407
2613
4111
2253
2297
6698
2506
3320
2404
1004
933
1271
863
892
1227
890
1071
2286
972
1111
1073
936
943
1145
1058
999
1298
1175
1155
2362
1117
1042
1372
1059
1079
1294
1129
970
1643
1284
1315
2758
1444
1507
1718
1447
1411
1939
1303
1447
1721
1356
1360
2517
1478
1473
2141
1492
1382
2107
1413
1400
1755
1133
1110
2540
1178
1163
1593
1016
1139
1321
883
1008
1214
964
937
2425
985
1208
6908
264
1916
3740
1936
1919
3223
2139
1764
6039
2091
2268
3313
242
2246
3681
2507
2227
3344
2028
1833
6205
1936
2150
2561
1768
1801
2520
1885
1841
3088
1803
1699
6169
2103
2398
3321
2513
1855
4968
1817
2338
3694
1939
2025
5757
1931
2128
3693
1906
1869
2462
2008
1893
3132
1885
1802
5443
1940
1913
2683
1836
2038
2957
2137
2309
3857
2911
3221
5482
3350
3215
4156
3441
3327
4252
3645
3805
4594
3643
9328
5788
3449
3314
4371
3277
9147
4636
3535
3529
4116
3429
2986
4658
2572
2699
3109
3236
3112
4474
3178
3219
4076
3335
3261
4393
2471
2177
3158
2165
2247
2767
2188
2349
2954
2953
3172
2789
2470
2079
4021
2480
2481
4242
2576
3505
3810
2805
2804
4087
2937
2873
3664
2494
2666
3716
2637
2672
3631
3482
3482
4669
3277
3364
4190
3067
2976
4266
3233
3248
4084
3026
2938
4875
3649
3721
5203
4404
5079
1798
655
693
803
711
688
1623
638
703
1158
818
804
1012
679
628
895
814
836
1531
868
884
9382
920
1086
1608
1011
1029
1690
1477
1641
2769
1362
1481
2167
2136
2075
2645
2096
2418
7312
3090
3135
5639
3668
3756
6123
5349
4900
6212
3986
4074
5547
4476
4373
6153
4272
4074
5240
3780
3950
4938
3768
3825
5438
3522
3186
6505
3440
3834
5060
3532
3617
4863
3351
3053
4707
3462
3634
6274
3179
3515
4554
2937
3028
4384
2781
7744
4245
2721
2732
7615
2698
2693
5072
2882
3350
5269
3491
3591
5535
4016
3486
7045
3502
3744
5451
3971
3607
5447
3143
3089
5277
3711
1058
3189
8705
1016
1218
1034
1240
1638
2841
2177
2546
2616
1853
3208
1268
1122
1689
2222
1295
1400
4427
3528
4437
2206
2545
6164
9303
974
2220
2497
3307
3055
2175
1407
1146
9439
9829
2500
2815
1378
3684
798
762
1650
974
1070
1751
1105
1102
2572
2238
1781
1480
1151
1734
3824
9622
1314
9643
7909
6499
3508
1368
4402
7147
4467
4496
5913
4570
4543
6238
9788
4604
5970
4139
4110
5815
3766
9425
5123
2915
2703
3907
2542
2529
5144
2377
2363
3406
3582
2855
5897
2050
2279
9106
2388
2275
5713
9284
2444
3423
2507
2389
9604
2512
2544
3793
2494
2568
5825
2299
2366
9394
2481
2607
9190
2470
9360
3153
2124
9133
5641
1956
9962
2915
9063
2103
3058
2235
2300
3032
2463
2453
5588
2067
2228
2905
5186
4567
8094
3972
9232
5319
4041
4051
7545
3760
4176
5253
4343
3562
4838
3437
3639
5116
3296
3303
7497
3219
9032
5482
3096
3140
5246
9425
3302
5279
3515
3915
7519
3163
3173
5158
3414
3113
5053
2555
9446
4310
2395
2290
6847
2347
2525
9792
2393